%YAML:1.0
---
externsic: !!opencv-matrix
   rows: 4
   cols: 4
   dt: d
   data: [ -1.6326935838539471e-02, 9.9985762876805229e-01,
       -4.2606760557457653e-03, -9.8321259199092195e-02,
       9.8697009616888420e-01, 1.5433996995161181e-02,
       -1.6016185877148459e-01, -1.9615855185984659e+00,
       -1.6007329706889853e-01, -6.8201122484271102e-03,
       -9.8708156989906926e-01, 2.5987799743183406e+00, 0., 0., 0., 1. ]
quater_trans: !!opencv-matrix
   rows: 7
   cols: 1
   dt: d
   data: [ -9.8321259199092195e-02, -1.9615855185984659e+00,
       2.5987799743183406e+00, 6.9916390014526786e-01,
       7.1042988794334416e-01, -5.8760890361508701e-02,
       5.4830400458031357e-02 ]
error: 1.1943612688572723e-03
