%YAML:1.0
---
min_Z: 1
max_Z: 2
inter_z: 0.1
inter_xy: 0.2
optic_angle: 25.
cali_type: 1
picture_number: 10
init_robot_pose: !!opencv-matrix
   rows: 7
   cols: 1
   dt: d
   data: [ 1., 0., 0., 0., 0., 4.0000000000000002e-01,
       4.4000000000000001e-01 ]

