%YAML:1.0
---
april_family: tag36h11
marker_X: 7
marker_Y: 5
markerSeparation: 7.7600000000000004e-03
tag_size: 3.0384000000000001e-02
tagID: tagId1
