%YAML:1.0
---
intrinsic: !!opencv-matrix
   rows: 3
   cols: 3
   dt: d
   data: [ 2.5512534343967554e+03, 0., 1.2534346270670967e+03, 0.,
       2.5514491300355103e+03, 9.7998555147191701e+02, 0., 0., 1. ]
discoff: !!opencv-matrix
   rows: 1
   cols: 5
   dt: d
   data: [ -1.5523771695133090e-01, 1.8110326177355887e-01,
       4.3277856600263699e-04, -6.5137798653506747e-04,
       -1.9451353336279734e-01 ]
